#include<stdio.h>
int main()
{
	int a[80][2] = { 1, 0, 100, 0, 100, 0, 76, 0, 1, 0, 87, 0, 1, 0, 1, 0, 1, 0, 100, 0, 100, 0, 76, 0, 1, 0, 87, 0, 1, 0, 1, 0, 1, 0, 100, 0, 100, 0, 76, 0, 1, 0, 87, 0, 1, 0, 1, 0, 1, 0, 100, 0, 100, 0, 76, 0, 1, 0, 87, 0, 1, 0, 1, 0, 1, 0, 100, 0, 100, 0, 76, 0, 1, 0, 87, 0, 1, 0, 1, 0, 1, 0, 100, 0, 100, 0, 76, 0, 1, 0, 87, 0, 1, 0, 1, 0, 1, 0, 100, 0, 100, 0, 76, 0, 1, 0, 87, 0, 1, 0, 1, 0, 1, 0, 100, 0, 100, 0, 76, 0, 1, 0, 87, 0, 1, 0, 1, 0, 1, 0, 100, 0, 100, 0, 76, 0, 1, 0, 87, 0, 1, 0, 1, 0, 1, 0, 100, 0, 100, 0, 76, 0, 1, 0, 87, 0, 1, 0, 1, 0 };
	int i,m=0,n;
	for (m = 0; m <= 246; m++)
	{
		n = 1;
		for (i = 0; i <= 79; i++)
		{
			if (a[i][0] == 1 + m)
			{
				a[i][1] = n;
				n++;
			}
		}
	}
	for (i = 0; i <= 79; i++)
		printf("%05d\n", a[i][1]);
	return 0;
}
